0.1670
1.083
0.066
3.457
0.194
0.125
1.908
0.139
0.144
1.369
1.143
#0.318
0.625
0.441
0.594
1.487
0.469
0.403
0.835
0.757
5.006
1.017
3.664
0.446
0.928
0.585
5.486
0.941
0.59
0.688
1.373
2.687
1.594
1.27
1.344
8.966
1.595
1.088
1.682
1.873
1.048
1.772
2.976
2.109
1.509
3.461
2.143
10.803
1.428
4.037
1.634
2.268
2.565
1.813
3.526
4.251
2.892
2.871
2.779
3.723
3.254
3.725
3.504
2.573
6.123
3.858
4.882
5.405
3.408
3.508
4.189
5.62
4.034
9.214
9
12.583
7.121
12.001
8.111
14.189
15.674
19.729
11.803
0.167122
0.122964
1.900691
1.138819
0.447234
5.478067
8.726709
3.470646
3.662694
6.044138
12.524024
4.123734
0.739347
1.689631
1.296543
18.098963
#in units of 1e44 erg/s