1.727  #start of data taken from Migkas et al. 2020
3.812
1.061
7.41
2.853
1.041
4.036
1.963
2.029
4.262
3.337
#3.809
4.017
3.743
3.474
5.824
2.779
2.857
3.908
4.448
7.234
4.255
8.234
3.915
3.726
3.872
6.42
3.089
3.7
5.165
5.71
6.593
3.621
4.716
4.449
8.446
4.639
5.197
3.411
4.668
4.061
5.837
7.008
5.386
3.345
5.724
4.565
11.633
6.134
5.994
5.818
4.003
4.674
6.305
7.793
6.599
6.333
6.165
4.776
7.923
5.396
4.72
9.937
5.489
8.73
8.044
6.768
6.785
7.456
6.655
7.65
7.045
3.974
9.055
10.349
10.442
8.917
8.913
9.198
12.119
14.419
10.909
14.527 #end of data taken from Migkas et al. 2020
1.552
0.786
2
3.13
2.46
2.76
3.431
3.44
2.53
3.23
8.91
2.66
2.97
4.51
3.55
3.31
#in units of keV