0.01002
0.06498
0.008844
0.428668
0.016878
0.00975
0.049608
0.036279
0.019728
0.09583
0.052578
#0.06837
0.098125
0.036603
0.08613
0.078811
0.043617
0.051584
0.161155
0.067373
0.160192
0.118989
0.076944
0.08474
0.145696
0.12285
0.153608
0.076221
0.13806
0.155488
0.074142
0.147785
0.266198
0.10414
0.162624
0.636586
0.569415
0.100096
0.486098
0.269712
0.107944
0.108092
0.124992
0.172938
0.152409
0.211121
0.248588
0.32409
0.165648
0.153406
0.137256
0.242676
0.233415
0.3626
0.225664
0.603642
0.321012
0.261261
0.302911
0.320178
0.312384
0.309175
0.255792
0.288176
0.391872
0.316356
0.58584
0.999925
0.313536
0.301688
0.456601
0.51142
0.435672
0.479128
0.675
1.00664
0.64089
0.792066
0.656991
0.737828
1.614422
1.440217
1.841268
0.0334244
0.0245928
0.3801382
0.2277638
0.0894468
1.0956134
1.7453418
0.6941292
0.7325388
1.2088276
2.5048048
0.8247468
0.1478694
0.3379262
0.2593086
3.6197926
#in units of 1e44 erg/s