11.1
17.5
18.5
15.5
11.4
15.5
12.3
20
15.7
13.2
7.9
8
8.9
5.8
13.5
7.4
13.1
11.7
6.9
18.4
12.6
8.1
16.8
6.8
9.4
17
20
20
25
27
29
30
31
35
37
37
38
38
40
41
44
45
53
54
56
58
59
59
60
64
66
66
68
68
72
74
77
78
79
83
83
84
84
90
95
108
111
118
120
124
134
149
300.00
287.00
250.00
242.00
242.00
232.00
223.00
214.00
213.00
208.00
208.00
195.00
188.00
185.00
185.00
178.00
177.00
175.00
173.00
167.00
164.00
164.00
162.00
160.00
159.00
156.00
155.00
135.00
134.00
134.00
134.00
128.00
124.00
122.00
121.00
120.00
112.00
111.00
111.00
110.00
110.00
107.00
107.00
107.00
100.00
90.00
90.00
86.00
86.00
86.00
82.00
73.00
72.00
66.00
64.00
62.00
56.00
54.00
110.00
131.00
