#0.6158
0.9032
#0.5078
1.1378
#0.6316
#0.5767
1.004
#0.5886
#0.5928
0.9351
0.902
#0.6954
#0.796
#0.7346
#0.7834
0.9413
#0.7489
#0.7265
#0.8393
#0.8197
1.2103
0.8641
1.1224
#0.737
#0.8455
#0.7785
1.2236
0.8537
#0.94
#0.8003
0.9193
1.048
0.9333
0.9033
0.9113
1.3344
0.9401
0.8736
0.8693
0.9766
0.8687
0.9644
1.0678
0.9927
0.922
1.1015
0.9968
1.3803
0.9156
1.1295
0.9376
1.0017
1.0232
0.9414
1.0866
1.1292
1.038
1.0419
1.027
1.0834
1.0547
1.0807
1.0709
1.0071
1.1927
1.0889
1.1217
1.1528
1.0535
1.0529
1.0911
1.1558
1.0809
1.2768
1.2635
1.3502
1.1788
1.3033
1.2026
1.345
1.3554
1.4189
1.257 #end of 
#0.6158
#0.5767
#1.004
0.902
#0.737
1.2236
1.3344
1.1015
1.0807
1.1927
1.3502
1.074
#0.8043
0.9337
0.8839
1.3664
#in units of Mpc