436515.8322
316227.766
18620871.37
4466835.922
1071519.305
3630780.548
776247.1166
575439.9373
30902.95433
301995.172
7943.282347
4786.300923
11220.18454
8709.6359
831763.7711
602.5595861
19498.446
5623.413252
1513.561248
5888436.554
12302687.71
1288249.552
23442288.15
194984.46
234422.8815
5.12E+06
3.12E+07
3.46E+07
5.21E+07
2.87E+07
2.66E+07
5.45E+07
7.55E+07
1.38E+08
2.69E+08
1.29E+08
7.81E+07
1.27E+08
9.74E+07
5.22E+07
2.99E+08
9.64E+07
2.03E+08
6.67E+08
8.98E+07
4.66E+08
4.60E+08
4.39E+08
1.51E+09
1.75E+09
6.42E+08
1.17E+09
1.17E+09
2.46E+09
3.57E+09
2.65E+09
2.20E+09
1.14E+09
1.27E+09
1.30E+09
3.14E+09
3.00E+09
7.00E+08
2.82E+09
1.86E+09
8.88E+09
6.84E+09
1.06E+10
9.30E+09
6.87E+09
9.96E+09
3.27E+10
3.58E+11
3.40E+11
2.20E+11
2.19E+11
1.62E+11
1.44E+11
8.17E+10
1.08E+11
1.13E+11
1.29E+11
1.25E+11
9.73E+10
4.76E+10
5.62E+10
5.81E+10
4.50E+10
4.84E+10
7.13E+10
4.09E+10
3.49E+10
4.62E+10
1.72E+10
3.24E+10
5.40E+10
3.29E+10
2.93E+10
3.55E+10
1.58E+10
1.13E+10
1.57E+10
1.12E+10
1.13E+10
1.00E+10
1.33E+10
1.07E+10
8.30E+09
9.30E+09
8.70E+09
7.90E+09
7.40E+09
7.30E+09
6.10E+09
8.60E+09
5.30E+09
5.10E+09
3.50E+09
3.70E+09
2.30E+09
3.30E+09
2.70E+09
4.20E+09
1.40E+09
1.32E+09
7.70E+08
8.50E+08
7.30E+08
4.90E+08
3.70E+08
1.12E+10
1.48E+10