#0.0204
0.0225
#0.0233
0.0234
#0.0271
#0.0255
0.031
#0.0336
#0.0356
0.0362
0.0341
#0.0404
#0.0412
#0.0409
#0.0415
0.0444
#0.0451
#0.0455
#0.0484
#0.0497
0.0553
0.0556
0.0583
#0.0579
#0.0589
#0.0602
0.063
0.0643
#0.0738
#0.0657
0.0712
0.0731
0.075
0.0755
0.0761
0.0787
0.0794
0.0759
0.075
0.0769
0.0755
0.0863
0.0801
0.0812
0.0836
0.0836
0.0856
0.0895
0.0945
0.0987
0.0959
0.0971
0.1032
0.1102
0.1132
0.1139
0.122
0.1273
0.1271
0.1333
0.1374
0.1386
0.1351
0.1388
0.1412
0.1416
0.145
0.1522
0.1555
0.1605
0.1668
0.1701
0.1706
0.166
0.1825
0.1842
0.2173
0.2242
0.2312
0.2257
0.2283
0.2506
0.2812
#0.0204
#0.0255
#0.031
0.0341
#0.0579
0.063
0.0787
0.0836
0.1386
0.1412
0.1842
0.1885
#0.0837
0.1191
0.1182
0.2894