3.58E+11
3.40E+11
2.20E+11
2.19E+11
1.62E+11
1.44E+11
8.17E+10
1.08E+11
1.13E+11
1.29E+11
1.25E+11
9.73E+10
4.76E+10
5.62E+10
5.81E+10
4.50E+10
4.84E+10
7.13E+10
4.09E+10
3.49E+10
4.62E+10
1.72E+10
3.24E+10
5.40E+10
3.29E+10
2.93E+10
3.55E+10
1.58E+10
1.13E+10
1.57E+10
1.12E+10
1.13E+10
1.00E+10
1.33E+10
1.07E+10
8.30E+09
9.30E+09
8.70E+09
7.90E+09
7.40E+09
7.30E+09
6.10E+09
8.60E+09
5.30E+09
5.10E+09
3.50E+09
3.70E+09
2.30E+09
3.30E+09
2.70E+09
4.20E+09
1.40E+09
1.32E+09
7.70E+08
8.50E+08
7.30E+08
4.90E+08
3.70E+08
1.12E+10
1.48E+10