494688147405
697691692666
803070984402
895918855844
1015245888923
895918855844
999501428700
2593226545909
3079686307781
3544841856130
5845304168850
6320424048055
7624301476591
9342040049422
11627094687439
13383250043709
12770212707053
14246653881929
32618752708216
47465169697320
129061152291337
60950905643086
30166730861466
31614892514461
39347866938506
52952903732862
43216353171731
42546152818381
39967686888815
50527326465263
49743747343808
52131708694687
54634304742745
77054404382945
66943295008216
92950410391452
123149336790014
131094164071240
73524826239647
79501094634324
95901842756515
102088831631258
112125696916705
168340449968234
334851753641375
502731277759783
410293126883978
350926397966888
290912374283369
148554537352320
168340449968234
233739822757581
230114979375228
209516373420802
160629394674265
168340449968234
141749801759005
125089223796572
131094164071240
123149336790014
117508319758264